%YAML:1.0
R: !!opencv-matrix
   rows: 3
   cols: 3
   dt: d
   data: [ 9.9870413679899184e-01, 1.7146817018962156e-02,
       4.7916946967632053e-02, -1.6894169179894853e-02,
       9.9984119128817528e-01, -5.6726758380512632e-03,
       -4.8006605673612500e-02, 4.8558078175262908e-03,
       9.9883521510914786e-01 ]
T: !!opencv-matrix
   rows: 3
   cols: 1
   dt: d
   data: [ -4.5135230642613404e+00, 7.6165472455157021e-02,
       9.7633869570254134e-02 ]
R1: !!opencv-matrix
   rows: 3
   cols: 3
   dt: d
   data: [ 9.9965153662660955e-01, 1.6944597166448677e-04,
       2.6396526440443099e-02, -1.0285629297755733e-04,
       9.9999680940314861e-01, -2.5240055677134264e-03,
       -2.6396869902344862e-02, 2.5204109953616970e-03,
       9.9964836457014883e-01 ]
R2: !!opencv-matrix
   rows: 3
   cols: 3
   dt: d
   data: [ 9.9962387140311115e-01, -1.6868602056289921e-02,
       -2.1623274167503304e-02, 1.6923096664154074e-02,
       9.9985405673503236e-01, 2.3396644619351594e-03,
       2.1580651527518376e-02, -2.7047172061560642e-03,
       9.9976345201476657e-01 ]
P1: !!opencv-matrix
   rows: 3
   cols: 4
   dt: d
   data: [ 8.7859552807143109e+02, 0., 3.0762479782104492e+02, 0., 0.,
       8.7859552807143109e+02, 2.0826522827148438e+02, 0., 0., 0., 1.,
       0. ]
P2: !!opencv-matrix
   rows: 3
   cols: 4
   dt: d
   data: [ 8.7859552807143109e+02, 0., 3.0762479782104492e+02,
       -3.9670533022996533e+03, 0., 8.7859552807143109e+02,
       2.0826522827148438e+02, 0., 0., 0., 1., 0. ]
Q: !!opencv-matrix
   rows: 4
   cols: 4
   dt: d
   data: [ 1., 0., 0., -3.0762479782104492e+02, 0., 1., 0.,
       -2.0826522827148438e+02, 0., 0., 0., 8.7859552807143109e+02, 0.,
       0., 2.2147308370223304e-01, 0. ]
