%YAML:1.0
R: !!opencv-matrix
   rows: 3
   cols: 3
   dt: d
   data: [ 9.9870411998276565e-01, 1.7146626689837557e-02,
       4.7917365564155365e-02, -1.6893993496005354e-02,
       9.9984119625146683e-01, -5.6723242319739325e-03,
       -4.8007017332953317e-02, 4.8554579181638823e-03,
       9.9883519702461343e-01 ]
T: !!opencv-matrix
   rows: 3
   cols: 1
   dt: d
   data: [ -4.5135285630596016e+00, 7.6167849171433516e-02,
       9.7635432323818841e-02 ]
R1: !!opencv-matrix
   rows: 3
   cols: 3
   dt: d
   data: [ 9.9965153420920749e-01, 1.6875589435072440e-04,
       2.6396622409429818e-02, -1.0217080331537653e-04,
       9.9999680995782669e-01, -2.5238136415097275e-03,
       -2.6396964111519351e-02, 2.5202372146769501e-03,
       9.9964836252057998e-01 ]
R2: !!opencv-matrix
   rows: 3
   cols: 3
   dt: d
   data: [ 9.9962385596180203e-01, -1.6869107622853236e-02,
       -2.1623593597438359e-02, 1.6923599088284166e-02,
       9.9985404867804673e-01, 2.3394734487027246e-03,
       2.1580972775980454e-02, -2.7045424986034991e-03,
       9.9976344555295460e-01 ]
P1: !!opencv-matrix
   rows: 3
   cols: 4
   dt: d
   data: [ 6.6941619484690966e+02, 0., 3.0762242126464844e+02, 0., 0.,
       6.6941619484690966e+02, 2.0826737403869629e+02, 0., 0., 0., 1.,
       0. ]
P2: !!opencv-matrix
   rows: 3
   cols: 4
   dt: d
   data: [ 6.6941619484690966e+02, 0., 3.0762242126464844e+02,
       -3.0225660362107797e+03, 0., 6.6941619484690966e+02,
       2.0826737403869629e+02, 0., 0., 0., 1., 0. ]
Q: !!opencv-matrix
   rows: 4
   cols: 4
   dt: d
   data: [ 1., 0., 0., -3.0762242126464844e+02, 0., 1., 0.,
       -2.0826737403869629e+02, 0., 0., 0., 6.6941619484690966e+02, 0.,
       0., -2.2147281046210623e-01, 0. ]
