%YAML:1.0
M1: !!opencv-matrix
   rows: 3
   cols: 3
   dt: d
   data: [ 7.4089111518575749e+02, 0., 3.5810061518305878e+02, 0.,
       7.4089111518575749e+02, 1.7767579998723173e+02, 0., 0., 1. ]
D1: !!opencv-matrix
   rows: 1
   cols: 8
   dt: d
   data: [ -3.7823488466607497e-01, 3.2430578160215191e+00, 0., 0., 0.,
       0., 0., -7.5752933196131500e-01 ]
M2: !!opencv-matrix
   rows: 3
   cols: 3
   dt: d
   data: [ 7.4089111518575749e+02, 0., 3.3963585448039936e+02, 0.,
       7.4089111518575749e+02, 1.9452520407557708e+02, 0., 0., 1. ]
D2: !!opencv-matrix
   rows: 1
   cols: 8
   dt: d
   data: [ -3.6970610651581493e-01, 4.6215196819499296e+00, 0., 0., 0.,
       0., 0., -1.3861176981506200e+00 ]
