%YAML:1.0
M1: !!opencv-matrix
   rows: 3
   cols: 3
   dt: d
   data: [ 7.9802309063873554e+02, 0., 3.0860320901238060e+02, 0.,
       7.9802309063873554e+02, 2.1372923444554135e+02, 0., 0., 1. ]
D1: !!opencv-matrix
   rows: 1
   cols: 8
   dt: d
   data: [ 8.8453445448187493e-02, 4.2175059822008054e-01, 0., 0., 0.,
       0., 0., 4.9581109324425183e+00 ]
M2: !!opencv-matrix
   rows: 3
   cols: 3
   dt: d
   data: [ 7.9802309063873554e+02, 0., 3.1769641824028588e+02, 0.,
       7.9802309063873554e+02, 2.1611753663972772e+02, 0., 0., 1. ]
D2: !!opencv-matrix
   rows: 1
   cols: 8
   dt: d
   data: [ -2.9944409211565541e-02, 1.0709807990291729e+00, 0., 0., 0.,
       0., 0., 5.6560062163286489e+00 ]
