%YAML:1.0
M1: !!opencv-matrix
   rows: 3
   cols: 3
   dt: d
   data: [ 7.9802154362384135e+02, 0., 3.0860502792832710e+02, 0.,
       7.9802154362384135e+02, 2.1372721517985144e+02, 0., 0., 1. ]
D1: !!opencv-matrix
   rows: 1
   cols: 8
   dt: d
   data: [ 8.8432051716132276e-02, 4.2203184433166652e-01, 0., 0., 0.,
       0., 0., 4.9588685147973495e+00 ]
M2: !!opencv-matrix
   rows: 3
   cols: 3
   dt: d
   data: [ 7.9802154362384135e+02, 0., 3.1769840187360660e+02, 0.,
       7.9802154362384135e+02, 2.1611583249433409e+02, 0., 0., 1. ]
D2: !!opencv-matrix
   rows: 1
   cols: 8
   dt: d
   data: [ -2.9939944970018253e-02, 1.0708811974219623e+00, 0., 0., 0.,
       0., 0., 5.6554092827999156e+00 ]
